267131255927435946679107827695428997521902045345538233307084050325636372997962933412852825800296956888768903374828728694823678534077221754521999859966806673808917539227317106098299177566828387829871324540963986915810739143756224013330006498766107036358745329465101333530341764891518303920623763203215811169

95663997302255330792771254537552962123619052449985041554130212371135992647594293766417396180195396137327106124437065964842871028895759049471124456025381679131607337859513520958767593424890499992087648205696927118455658215774329064758426310258177743666839830257232694117686717801155636959420659693634959526607



267131255846159596365185370720378910917188466500999243957694768336613059165025309784421026982010040345442242127239477994253195035593389238041554789217679186835473034484073663331972100816535502545733710166136913914791180959602153515791044920253992923063650312959597413538777119710934368580123327024689537633

104112188979493773554804019480496671551714010862028880902882986455152976196422568241640565882835426098582604313092185072853913308328411490792974230485866695096392569990902122104274930953026200449650867549717677870936557574152854241126409125260214950663296214293223415151790024465928583650107290938167508924859



267131255846152112496969152055595578032982108665919834866999503259664260815942008186240261202864011442825774449929441355717695565718534496868793651749778499324050628770060067428402434475241290522621099423092103487971800160997159747807285375459733854460825074438870923632740867177154205040912624530950939233

66763263611981649597784266917207172866301773449509069560657242200599433430070514515439754959224170534836860561161539151979309869382632668463173987222925648581358628195521061953812696525856671756718681806987863824109522038368354718304840025139364775747207878690729196032494943072312058618656928989517126399237



267131255846152115162038030852190327899939473881270883188273440674108262077854262798118103474328170955701151044957785987248507006792162962032886991259249824644006165970167322332928441272780897906696717967273272811016095092174874825508242547311895909493128144601458549043259852487145086717531768882743960161

70367373043247239845690696251109090210995662373914335250569043890657074485943003085891326501451111581224070613732216306725266733971729644433794743782164448090049423996853317632935365466397060735098974463790151610569696659552543168750363003894667165901170186218738293568204274875204068232514980507526339409405



267131255846152111964022292057158128296491533215420521316242688188050553058042294774756565017501683883532132173251731150074680127906425789929432012087289477561935901033660331972240077761033420839596570914462563639495742636419792692493628859005135292502244067522099062451868835908730006967533250113505026657

97015032079829124110732886178005404454401913963715570860844718013826549782520509587885804743191482553341063549069450675194323667145734172354858198569576522016451438179919518916463904052712399400530605406334367308467330466211373027348004001229943229579077281310107340680953789939429495487551137227813486424297



267131255846162091165579259511894531547601421369612823327079394632646205282032448781751220174561376429706784375789856600308361051555131820160695275976440000049298517028849630060828874040228005060387658012145610601459650321490658687186122474516812159291875535207424949377026048033155015201990433668499464801

79517819359191772058959008014363111879865627227570702909348813448651994396276253990714172143413985678563541532779402573970241384512777129133443877755053949168620943107223448224221246921855684716849574258683117684201804410930880966533971936773224404086539652771649480935663808968582996219522725290668935261814



267131256000108542057367789598515706580244579391273845092234771054744567350097977070056035140296571520290122474007829272458793341940166259820622600045221222520347517936798693535251267653230601159947540628838682397725947377402888323986940256329445071652915113629505583346187928743948612235989099468862743137

9013673605258365823611476021209744743330494322102444639204549721723538079408462549421254788368311061812366350228600985788548865493395446790651339122738881176677946172756371758468297402210199697791559042649637406383356590649302677833412513170441158875196177061724414115925677533178654642041382859625875107927



267131255846152111964022293200525306735787009721184735275385978009821673084924429043669828513312008288280676588681404080800333943916829174922518974632634289715604415986311493214080082048860055569946391318641766510999328487545107937330725041384098814103082139885095218375098681999459126559185359162208117345

139815426210766129207899074778796006170469111133948461318412723402548548081299975109626158107346872580434176863755166297988003406564851593472889060197072511266610469077791913709043638338893934229117034370559644988876779306788282278008208682012243000062237298052606866161151688390812236463555893046824915463382



267131255846152111964022292064463435789439482621062158084810395228639830839436766961862426936790886220981978347769739512361318366760699658031518870111363788809616427196347069879669677443115811368972379426919118460294390646308671901721839382111308684066792387230287817645506266234329877784304627704962179681

9316243052747029530032909614559055444828389392103599492130850165264887428918545680801320570755204255296579434496456691185517458811778791447618881157214748012965147929163618906565740845915748733362974012073501340577820497873277693437062601736159818061460419539927922572679986817827724899690813712609867693224



267131255892985258847787587769974107836571085938129116376769782515664772831417224849657294888608578058691068974828714358006462589444866287830559422074122860358122270414729879949686197389962651787667244116072620142906235756104865644884307647826524483539000183200762564964187833176403955043420768125893960289

110557064363113893932021856670849931300902640247892603642440014597242858539419059101796690576187791407018608314314625900954228991090339289963927886131140837096724931266363421637145623728744421603249455014186388781369059086700396748092551361871996731592493417647135687759574319684417263401576773220044284554522



267131255924307819403450557593440142668570681530277782439681473137626152661780996387363796120165111926890205499990002384431727369724416715738193499041824267622902257708534704528227978006592480019096569226737152578598601969723061763062011697335371804108871383731605254944413621979644645652114236877314417249

126316638736593026756345596129053696293031229687273120257967288419906779780767474661565268393143477395774727893462876564695994584434966017858344240628517774032248815408702929855360499631467321332181749086023843512977433520246387969050167893485354487748101636380765991324388395394054894039191721528760630963981



267131255846154606802477425633516898856052650151820312702528783051036174413832676350307484571819835408007323189767572540769232109632445984693252006054876044705372102175801436083635840260029439078578131649987722561250419063148758965977811608320604857144949239716618077405426156304929993673880357335382319713

52495368017051717307719474245321468512943739527849797451671674568912479728742864338671111935716881085067378434802617851373101487104811045052718487685892188473331192429639600078181639359706122486557399702427278992171810637853813946194708258973057909840233312495417991209566806712162655452064153343522938829244



267131255849345456459277843755808324637737925021403864539034513251818793250645678713373361843606735964686284261644086944603864547842322720615953851166672585570939507266640108852675368376201196947048453859886642046245330791491586519145093146709633617663612455236575325342396832113610150558158770256652493409

106152486231739889176865740939558824635945166246455612496731315284018231763484170282355310107808975108087532255451561260641622166421348833880339066030078805025857335868024755029027620369301577126143623382993659880172882857288603609991561662444063488615520233943009412250942741673219137202246203237209767703293



267131255995483378723796450012248942097253128946602998127224710989918163080672943841037909381721488599369917520257863160821730293989593361219021670168361191763218303366284751404484693837635907846161065962686564037828884286529460378550512637556804344785455037921168749253750708612171425471186327327788458593

34696426720739570372795862429507976946254311452627844496579719134315863917871357115894359909374262620061442399236811238192414767455929883231616175008527909945089995493023506262879233077782822053724908575183719624775519713721428200990840294732041508270302951201053268485977171636638007771205469363189829908593



267131255992701946420305684523791839620852097761058626530205185379397998816532128216035669508003088620141032543967883646712755590316544263583631812746848964849979382394895302483738079985592455396107044525628505204715080919879781093969047595331084082781556855767582128691839818408313955272383440351945515617

113116899144352141927611635657179171784190852515175009637074957547067453563266952318378807297260763852401008332641169106627944322334929492587371970516934190266361738516208995138679832141521171377119130591474275557502652388397799380302562274554347173028067457097214075534974973819837607603491301246162198673357



267131255900619937871295550177718631266762677895996766490140332399282574162453867666165964663212971693209903465239457520788284132102423041469226858442544339667052732388865076574867938884158269027985681259474010562500594628422096801020511008430249991357629910084184500678820836347278284660340215649090626145

12168898045557691888816740430316014662618888161103984288432324277716440583175501886994789219854177100056640378507252008037880231309490097605946799011278797169703510994364171456788566035929431508248281697799811731919076006577853868415315878841110367231395449391727947756842842252492736610842134805187466795292



267131256009193683592135389357936557690758655990878150217763809863044984649426612735295275189868754326942997409073616364964960439889732681235479535605294269027023940395685082674719393418176075264390534949365247398810111832460170730310863450088094606666442543121727368577980749729520783751027812681258328673

121661808949715375184381915805178326518525064168672768418211520195330825179570162836583558847817313568292348905247346744369435384752275524461180887698058692787875258630457394900974008917242992786755864895215776526060965923594239331706681531019483499165076578429011328239673041497043721132220994956632858435690



267131255900958593911519128155968711451368539403177668963454360852254548973798704659650652024932339229826723721548995900381179957462844940243729225001636758382011996321910686807305123374355099708008650827536351048734577952185683044125859544523632681454330417484818870819710904832218662497854601046066946657

39633851787356907054938493322698976544878636829231507925090976877315659199103367442328349395008225207647502215177352202106983328375666836232006057223590284936827295399306096311461309682339066962946150484875779828602080467838995335340132394055987041965105428561795639294885480404626661015003930851471610061314



267131255846152857857993514380026692452401081685357092645465864745653493770532650936068985859761338440509997625786466856733518114418083735871248281155061848494874546041934222065952699400598508771858822024016656225922301782803749458987618634337604733865208435611952574779663625640625585335033430690970690145

136277173798755175409459270299514412752169584716518887511293542131693658001269733480314608175172578823358472483164695385210105603411685381603039810481173196245596490207741661096822119517492058147007663844975523587374108113852290860875169387492834631291746340946729254300462606277664555865639816179318336575053



267131255882045313835861169182500995793907036086268962822191979304827098831910429639483814673005764086265955971880289032961880198640639975707650583012685562853285620300773209785055005102035554846499627558510602076473273602272897961122615942097290150332017395112621393483931942737017743995387153993758368353

112533986531769904880469012029841122385051259053593780983535720060950539159544149389275252180896814077574215634779251267972590739375469302796004205407408603378496787589169836639071056565041701715895134610180914053802978183273282713707727908008312970250089214204173625362549669756257417295396563246591548772702



267131255876945971233955455513342827004704995352627119864758306433248623439439489433214991704720156057205120115533370906645112284431633330824262394909350074896794969216575743013501554884216945004431151537448548361806094936855196316298920188771891368372320865040495161926125291305268663867433353233219936865

130441374284222013283012774104056896529911082134226366624800372255087056358843337300669940634775246913546909352562623650338256149660013163545178879740705000987549001752457288670038067893296635268780009467259765924308386901741217713349489322706932778656934294281198845822699418942492023733770610897808069722338



267131255877569612896717587905727182080860694306219392083940136734325164666688768373931233036615329719085596779745422050706683204755879977257267164954903116358295202511451564965824111913286841151306995596385355029870305571573156437526302885638227815484081622376955243731064093440272447124659518683262181985

118793675808431037894989231366500032882002946369373979579734980842384003171085335165632807089985074136050215977504144051204342306973585564349339310643431151914106689566998856012018302495871303772895357951570303411493914622425863576455002699749759880752658515717285494782074606825900700109636826819731024831438



267131255878210776558238421322822469870259747272451263278796551097034782128823962481481192019804571365990405693339763489587580728460779829858545348677182566615814913650828688133744094851201097599922471637307982969664743934047842744108670219148873157752834229819810817518548345652963757590643479355582538337

113226261331097257308512091603321221545583371087666357643998803883779761765984759986621774146123514813250892541976065466297817993595701984939197243580043230270577840269010653271480980428538889322522144291019630362737847222195949261348438538493209576156189389561064269766307029651755103489891417406639809267997



267131255878225774329883333006055928922065584770284398166457838384812229670352935079984912412268604969628642219220117954146279053066827107861722534057620268054428499084510527084938098619956959365604669633091129500501612830410923348964318059064629053604163549448371413480864998249036565430748464413258506849

7860833864115044086503083755853140613051588846192926551704235553972343893324751455129811152299563419286278356235113370585558033225864426335587967451717161188516598952515910395571001245638965599140998880571116509804814174203829696291304707665603682636315122274022923161097897935212959672670220983560586122205



267131255877579591794173793508048865261405723333478726157011217862366753140990862960504047728522705217920804797372383300247860098227603605501832147428871678889609454670542955818844531675946541849009240540015196536143872586662940506230020488366315149699475256017734452727171681902742186147033428109222437473

67852907189997802873935610908995101881956576776280136663172240278810566598892588021146432819383420464994814391626585666559815059666037942550121442285326962233209939084945208351642219488156476017754774372194849457867914108315218888371231206841117113660287294445191709604545818413053337436887008038134536353030



267131255881416633807980842835889539938658592136452319588723349615151349239692440163062846991574493679790994603400920506685080316329351337855917012677694160171123181888691213902060598097542686400382572860200743356879477660171938979792359223523426584437626118860880379139680976433060101548587737382635397729

39558098397852367258128279531500911187336536612066577005367005698687660638042782454397356383387362354315761124789456991396863526578278766719076065457651934519102729507605329834463236146878403961284170541373307215367859572191590703852018739840228319194006512603094081239193364830330600504642702956313870751305



267131255876945912761623541711908283680490749374004592718879334998828981400388090310001576857266865543470202668299570234462346027486678257643974911137245776495338296839097184632097393862718218992168305565669907488944200856046331090876767666500013177660968378985987541628371046027039021513017599406737941089

41281080392991079747405698714717803416665791931267362082984783629141760079558843459679567165105653060225317643524663685452186098134272771289260281392828837979203928643677672478156084356957353003280052490998785125925141387285949790417835662316586519658848061659239209184382873174397170118455935260557180947376



267131255846152113676619663388407507715131030951094121558143598713278986338414936128748012589273454474081451496770565322799809998412148630315702352095723346501611797494102437590372895652436569308165793000813665350192022540396100080905090630611977623302957048403505488011573942290869008470820158099842884193

3781913067582217651506671715669239490314266845399976094989107055255913776490723171205874651730170701084763365597249965757673599273627196573429013714958018707782507065575225251888580256249104070936853569261124053160281092718394190262380830809260319763328181491534795681763881487555582230048407833268156407981



267131255846152111968185939403250237979330808139642635793467959516677850903515827840772723698377396930904760420247814456894978883020622685939549162972563132614085296548363757636588020172216245007561570367545375708307487681107686875789600120836419613053888935113602621254829431634071188583619266577063699041

149266047995640392573258200465277908104885710284613987450392285672378659441999794816555604050045662593960353180676793333299064858290341897646793778668012876794173439118053632827187041764544174200873679171626567516879211335989830348112981635640672038498862941995075431361647721865288032259033955581148153138844



267131256009017670822829265487847282612080152302939712795927112218512164409024499148256327092951239449820172887906564419807282479904976276183018492823858073545440684935649484516908614160091225017242642538038097114832666263906877485631310083312704246619343184179922654511775791157270237411200910906655728225

95208020554915976979768426558565787907137300877774118391026776031794234212112020951655429996175253029431798652544918408836647975008759922533057741601931585076168703558030412528425350411909703569541277819655565878534883389479727689459375077247129204841104663911817933416338307916039635682895951212542687313092



267131255846152111964022292057158128296491535186954500694987407780802590372617098173780457662293508853316868639445650388938167511354910443242423415780483155961460105779903405385949576053453354739953980570802021177015243571135030020418818349225269327196910105825706237170431611765565104377878379657716523617

108140207973569858068291316410992353086741928665516533164280805368828012858312474527707531741933759386124167100612579359331682779837532090815420859518149552494440099552558534093631349485969601422646653024729019507027724614016893231622229718935246910189491580057208721942616818233585425027388848760576654897048



267131255846152111964022292128064619980345782361884362734877237972162074790084685889136723231708288659322324424724148916086800086288250232614638849544140957582711192322473073567980011903050547719736900956257656290940485237066665402422346436049332243622756959956005844602504298668529154521401437619077997153

89660916656776798322728762266847118091981120706293438493583532075613454914229239058995381902807234781005667460594261657266937380977320574491526563255423545264454368099487492295011888435335166819666960125343710177148204460270791828086365944534557943212675461553677523139277421679191730792404002433145043662956



267131255861480165541248940211406139250857099512102432739417067585611623862977962590912891756892001188482810623852414324886072217355063246644400011912592818580826919024703494334181400634225240283063341405254174134538051024632983914600851197683659371347525438947588100453739694872474115558118180855587496545

49167589942162855416030794829891531979729876134854148154769499401139568862149904082440497650933836713096359125821744766902079776474202146746938658984584761863706887706102869642837696773391462882080886741388218818315818473040898919302954035283394329815910615494113740191974777810109364290117312394902242966571



267131255846174565167504557655042508331112495176564238466145547934778729648277238622668942720933812285039667280420575769135006033119655551431806846686791177852775316554297990538201192392510770492698982849051525995869779879445551450884798847121314256085780031411100170277696037438108986518515033855691547233

4159972500411356803628206395520015370160432514790289969480318042079469404368771685269603358580010423014920429935531279041540869333563106329783084317966118210222657151953359225363670938904955530272187980059282686326040671773722183496990546691061838774328295717349492916146621462679987991657292687746721199199



267131255846152111964022292057158128296491533215420521316242688188050553058041915742019186914734207070707368089763497401204064386764665223052208118213018116301232298349347948238437861900792484590066717417322383723450515180405432221184946147914868288603067563073190311221915350098760451948988600995245417057

102479458856171771956578660139710983575991081383687377129096984010460943624221149421339294880274415841666041896026988006761889328149361047893355990300612984576138185833864338131381789205150461216429170956770056923525863890606371854443974233788626093478574860464307418450580547017909312376587915309254826530926



267131255872417898442880145955301574425785206638998184640597566925065495216736669680317537161300880525323682339145144614901023629744647786745836566937187775171055547149617090309279410787573091731228092401134171263692785898635493264155912532739447866408544092867994325994986436765900607030690943292900860513

131521844366758981273879984310307266581550702774547510465037082314083946877487489857089997030119907791795483638713545542609347520482568127549245253283862068382462803582667715364016525543780072403770875557326373015434561508642629377072160065319080811019391780115506316213660860627027714350567333763253435993324



267131255846152111964022292057158128296491533215426152068486334466967918130500072058736575822111856232397798077364979037028343477703617039324547516747075783772779578339016366170065793112348456089867916876083277450744365296728662535383587595022958797736529815691880146908018284498146943557261373885494026849

69774789775415108918444012551977108836162513864376207791162967592132835251100094539833483172929740780922322789539725008805282817030388441243113653629344397368913067415464603568989708928859269125784638335513697935557095809650299301355460899927336294442182504013948007265852652243054902009868265652293467391066



267131255846152111964022292057158128296491533215420543311927843326460187482662486140174364908093679295270469223286995155173437443668580138929855567785782890923420451563739404763013996653045737777457489129033732491262590772559992204556943560946970990429237722574232649564618088662171412775569497613349904993

103660129890178057606563029704949408193811089117973478120864549201117250778730026854676509036874756353576370612435866937344199763154640397277692105609380682073290265422635081234423883325290529285920341061177541120607693599584098035459220514149405884454900853057130851772911959054775337016639365381858197171933



267131255887026921503293353799880641459485987048481923215883688750277546219654156807206272608859179950050900050858602385836220254739320938521000521423635869219131689825964327199003723868091374883814223376721837362346058591868091648715362286639494938671926313489142951279287957764643316095569151437201171041

62129535272300392522244996348377735998421110445148025712529417943234215236634673232673932103206385807844845674725187805870932934858904292323798548609738226640734658731003146931751892747549019159395205464923046185095969643404365451696248528466009151577203142413678813361837594088891530494805410902668163558666



267131255853975805977398393718851109331595940394404930257485326339258830823865652758641013284968803742874111024119462718013549283522414244347988447814286225126237272213226196496152733349293442887592613997020066047176372374890512504495246389838159937907938467293100155864489775374753025973885812915111682657

19532005823289694248795368385251669884858470364091615020218854999207233409671159565463572633953827892191650649399477920178313217436488126837154178850368536553718865239447167811592758768416341196099961478570732983363629846979070123000409988586122732132816824990296524306475541585459107043108155366442221037076



267131256004580356484646526706588137716173718559725062173313403776332426837336105440776201075452959676031394179113603781946219106736697710073775881400221032207002251198476750765072068551429736489696846801109647004861267017597336387004474999442184428783668088264861629447056527651273957829188116916235100769

133487221266148583711449183811030595364198892702371027566149876158821430724652873634955596509088178820477694618489027250534204316311352810821935223598766252644447721965288210864388705473871620965688592484792818307622298446310921923826385229762981353287195510606071060918404100511404549171916814564092716159732



267131256009012681222055428688318141680297560206524632146488862837297914773044073718519658759805678099940113805009775025371127592943101421596516791175194025702438210911162359585603815931128558185346185739087795440730785599996785129409741866285690259728542547571262980952099028761016840533045968165979513441

10857044025623805161913027713444602457663106892475724568603864159440253494268133351422157582942749397211098490205320287177582431101416018872248527031266312768208629078202814341094171360265111722631733176605872490231750185629729968840140724952194499631718316960669782052089535343406420856702240813939730085699



267131255862758088681549332923970630925143632956503931913070237326029951273194024342963819645941172217374520653632314293173633783218746664918756189111456743137515714211164140987287063691709410650524810027563450545685143319854618825044958826828382374623893511759534375334453629854671959095145363632491291233

109887654668928543058126661226804048441526213058251818841022499690094135512491236963315691819004490800738476623699914040746108555863957799658760726255834257967912221214965241811118163230612151597427369388404939193067308562637319041867015118816730474459851801266155594826057791717731744898569995023957539269803



267131255846755843912342533400185100688802789006467614465539320069598965376398480957243930339868834574011409791307930069637409086367203240813337998783067449326415131979474408725136906611449962978056942300347182058795963993698123947218242437584798867237016865244480569691431397835562987742857790904791687777

139306939937913553502426466228309202931464520157620385499649464946679351320450036138941622342446725730491447146844949647278771918169492527963163762673056589298140047347819117335977712295221515920944007886694569269445843354203364015302763819002139960494889082193773039807476543743598102262869907119389127101460



267131255846790995263558843725675305366169221270487716036513893860903533229657920044168605936680129665364003784824784135547780330874134325923691137686536449301312047652028633685498478114725271101245514529794693481792211162484173556607702060507009608918011420935945454077545692703202834149255157889141793377

108411002415315359521154640235504296697902995058923080289701438511213835065853641638496312895447868435498327056849774439100818714362354646838775452748603812358822772341593359314767847749971479002225441294455741097614660473343321723287372854441327284576515156574429191077940400136926166504678598800218709206096



267131255846231945576403680849624383205013006758063219366660319872840534254335859457397277794425680346924895328246835728618367324446467509742072775736363907169600663900486814295814642944981639084742505783677826790845850322621620967267700500169080022782934676100721084726427739791061505668846697412307411553

56225966643083385408263980631825290843720408129538140229275346680526440969837278878353225108050881357839680928442410519210194358420724102465336518574981841086820850369706752296294851517902097217094182730345023267518604310727557799007927760598765266956735761747871261375522875225297419504740235437098784156106



267131255846152287379674497257141574657374514968810117088326125718377858880799539953404665308441379959892112928653201192685023529219299915116220504598626013357790545096594029314495058745808262079227770582510947157798816330980978254134027598777726630626254155324767133225341442680446884009527617158056731233

39199606328202354300562146700484490223557894036048643542291430346661950379180428735092542364654954561053743995829135283778794964837757343967378990949100611761018144204616492715104691305195907349311131795699759800636140074453104392089337125055822426776844668707562671888204225947606232874747123039719966816791



267131255846790781548298926231080441574290376592812775796353032918810045994546592593390879494990444696685460429620129620767955083685625563708915334773822528425508295771587372148883023018328766352202031842433765720995860771249590436065797698601276831915781697955633424005929778184400768443816763343759434337

137504897395921899516358932399650035316381542530895306709488853268099181559384693199436606312722187522510870267377399247080740589911079961008719983077928565099924650022488449842415135401976690743474073109361565416904294587351734633217484848140846337494266437258394498280720609594156063272475252099886422824241



267131255988577771255483478419960324720276917358733404381655029598745051568073850861760846214567659712286307469366897891280952840699188512640930243037183472943293221474501834011180196293095824818978216227709030980784170257658351794415664265092441498018579192532513082039616534913217359338712233446620750433

116404575899847367430231251362189290202068488677730945353172359394097341149026784620876581876651367794177183035690491372217201460233143000241966323800858037683354213990198660581456706364922641189417463738080683646619684408152789573505032335807774877669310261070957833685110857465905576721497022766488617666201



267131255846623638982474336697820074739929668475999691450390775787167428751286653208988228311277295025162071759156200659082863409720538378012748757049214504180708361539671786816423569594559949001937409410139912845862420138763304634399315913965154477094388971596284496609675190570725625257407793597612515937

24410142777248755659673087582147244077923220080655913937661464640757843212259297718852432247861004259411434947520290362922027872307682925774810418411020337849169325749687580579659787300616626310948468185000653102195677435346065502156203422453005923072911050425479213408145831767173722204276934674230334870671



267131255907076272111521192602205850435087108620991285886603644649642782266931563620965523496769367011448459898691653157016574402028298012986114765487682685411530359297907218933014807925029775528348061666976339939123348475390165433621412070873501714546582513416291073120038747144080904708463634709123129953

76615269966346684280129484284795254786331535637413995070817198662840414213325655920602507913042903854445704232480417842687662635685478366886478835500345510984046981659498544577642019443874806327846152566496194264410713966685509250141249095181161314522696214115146577719425164343989861097407595265496616399696



267131255910019930275843349510596071152664116737691621080173917434777447141739861969133636433628055971090645685599852597645862260408478548034232015838951039445254758036063251876757524340141948247944210302122643662624651321266641908517457512690160793995246712667236348423245657450693436734064807154085487201

133779854444913711890941041359715154639292168721220560546788767359942088717821777995022284058110329777523607590204209056091725946344994627220339446530334593088641541495925274855854101711393325182581422027034683275161437969364509473018257966277223061422201380416062463432358677841659655103519834084706721684544



267131255920479703522096930935196871613693204310705114058479863800415354113133334876604011754541422248928501299550125655535376985861554303574329512123539324971435276007462203722369455800281990948830195441602746228449801947035001923029711377411138623900988388852325623511369756849970148169367275374047879777

38730361503998473577470286370900319906780475847092862005357343423181720222544371362880948398066110275393234596987804015045914904879498530577546467976577045223469380533206295862590461232148229798381086238561463058683689517328728854866190856875388729179038303950312932164588222871316294174239638317626351794924



267131255907063671344075849502237833205131426178895315703520933121628839761271393179211855146146460274419269510709335402371178561315049757937511843641032947134554823392572909420594594289537802434753172841675927458782831854217184889845369120351199412438160517384994435779860537366881852299585999024081298017

55816699243087035291010839383521203179956315905514983133534774057381675323663063775969081538613168034565151415170727838372386312449125624055817295296684528554406831772894019355577345640904525124122222338647601975018144882882790078533257940972227365196471614616394829250836839132828305677022987192056079632030



267131255846267997925796855034520312089147049762442180399591873378238166420852264213826221839796934531355573370817659693443345454832126616268783842178865190257940949585920825716318281319985475825371458479154898336194418020766975295178124916926194710012527529916759976491092621824838633170150769860809024097

20003470812090538955635662524789359413062952423654077655344805704137525628453217595665468954397136386574819498202832731386245728885529777717303356538433447900010178400668400812295845023440286930903594978604783503848908610535624738454554390819790373927633449411486048921982125778401938217645071510259664709846



267131255875781544729527180735425491859246175300817294805871794207434661442063116614174827026128611768538380405525357984667589157673023581017951926889633955889559897817024871507152572121227225215563185748657810074622501604920154709412148902292597013102349902676588959926668296226028958115232842669761978977

105724502198953620511647571438251393592153021822036992954372475300128777046208124250444377775974671594428973176420771210245028176302047277789259815290270452159025974338565481434457952752960624661721535764256053364210825245254099969324304874079419664266866760542747600154008504847704825065234538429109049522033



267131255920238156359650566130181043483257175440996414195253031699836060885646906421364565603734103557993743004730158338456436757526910097720414392574165761986569740796520550357765373573234815547819084768512874277752559366082533739191460356085998496982609953694498538590840535170664384624844630826714096225

12867363930759236721263324191770127284875170564567448101433082232877355308551043985068346851483814463849372920227260844680290756571200264414713968960728647931765554052353550520634317242394997238079746930569541275776425012484927406917423395071195014012985247858547230569559520750417873401059050890504168578778



267131255846221966374856007250566101341447822565232889441917332331593210542735905178993255035894991556276679447508857972435997622242815359702561552785828917590836923348900195019544644598328339640379177424992511482459489335856946992477118821797078487639647218900097254364185687568994131301121004664940356193

63433853605370249520513301340278327155755533792658120942276667157622164257758679921842060087145219115242390053869933326317013391577455924486560599871954614445978050094993777883341833810789112651723046041174683195707867361208564993065283479960492425800093735456118861650485697661075926055813048953699974987716



45423142854562279028509579067298278168945498301013396217571052992663801417796960742027191101466927713264221219295794359801255583520482057746895923279141014055247992008290738264125102535638277102218323313388862418179862115956028399305944415626287090496445462270800255191728975795431431325556635835342887546873

121447335622395861419785431302793846384829138130682342569934340463305344581139111938498872564043914974560443528718088776210714390269544541491271554094538601246865096695308558787791713456475114052277951548461813191155121815534737864556817472827807435562605509519046958929284071630692222279187286812799662962745



267131255846152119882424505124064882701999716243449707108562118144217309270756175327022129833759191903069298586149226576585523789929219936440406892376081315979283074067318942478055897115897498794879890275126391649990808706361737590558061179876141030460017463957684500228297324679975895889270705759635858017

146778295422409002558616387826551363722740701570421978686611010833398704389019270832504003572300922815019672320600456615229834577231929456949683958718201621302411046945542721890081074729233176261980053245968328105806492856680536486771215879072707042645200697246897627601347825682947058591585016884060498680290



267131256009651344601597178140213008454653377770360407189228634971927994214906857391931410823601567385584676905883063226662870576858988323880419957111740439850959149774799508022460588318070922299278730708770985599959968186357770339871865625629957529793583041746615101852846458670241392878571328082328904289

16546923520854230670349016820882594558029094889671536304957871092252163285690343419153538936380652596656667145718163585428563838921803383631472767437645262117696900054595067681551027474629966186095880951454611028609271821456398713113133733315072787957256371194607072288849562948455221160712057661291784088754



267131255846152111964093157706703313619177949280175972556490094091689716761561001600250243314360166045220827214887894117466799215607954285015185080188183378499552567639746982957903370686258535831935797200324966870644646780650819589578151788310973130870216495227502235357176196382851600614788140387675628129

49693553590874543709264442465574392039463956729435640487300848529083543300638917923959803182616427222807891991301373811145180387830169790746021087053820302975802005340088427184792983276120533165224412890361670359070387974278432877219086993004794800107590918510688114628585297586363779401758382317523996908153



267131255846152111964022346513343741496554885571852697136933174525263322490090225732574888224334080076364699557149416600805820154872707418699711139677261641094592029840450576568676750504306471570492244596516867005665690833377579797618005353083837474841054331589892596205111190069142426985911768099770819169

110267314504975040749605117771398758088053530688480872024256102950853029032233834237200178205696354053922270631455115316916233781616959944109392044563144789640008315936647167242372655997264601755544220600210682192466547169303313256196467799239056689093759133767538803608697620210263220668963627734534660831393



267131255846152111964022292198971111664200031491050885379945758429855318941145078307844588018852201405975183998936189024500674082406883680684393081334514159095276387106420441754896971317497472849332621988066431383798525132750597209349220459034359178699670434180322147173590456892413088172203796766358987361

2633428859314713234172249210459763634238769122970511670024265221201691037265067011270885723452599153109088326433053399750375902570204602815537893046394408008757868363018967152004442344617728018732389256333127482629624485637096409212261315509014603513445845261938544095632852090034311766231576855122377247373



267131255898527951286987176714550489218360769285475641085535401521851033698482485841836622500789051402437133238844454017898360110166629285410325807038249812110837324258781587946213231673120044899928946444094059479707113123069109476567035050947070778374685666782128273038907359382173318177923571871822078561

55143174344779706791384982980432265971779435120433157497742823481467055870686354511347570303087559972306336314201821249060214804482223274823898085213375151323309534724866988270979179577470862217071694355055419847655212222223627517061827020520225902206142145448201476034115169942929606401026276301281197337783



267131255846551357988441327219508419714035889746234146437227027714958521044395770150583599226886749401168995034058853346641424259164280785254666580914404539990883293943120161867872738600096356078328877751756164945828152577034090788381342455654505506581240521883746377336355923766870051699069213470561100385

138802783588034772056645287266121613831167629783019613446157630466059648531178058474475487719072774574639815010298795264816696213239895802936705175559167386334759949243681813923432251401162717162419471254373513668365175919810456595049979208393675095343609376608446925262256047238890940781460116841454212717516



267131255846153593718080527355651190829619428431954351126194032705957180013261272906774325033558179083058102378483223160706688910456058098430036282312341344929671851650802527020740321085097580321369651581903673592920171435298679274845493147435288391960598244006523489337944320025804773140516219430759522913

82917424629193530657385689524342807151876252194011320476445921602835458449690646453679178084117026384746715953118236247959689892658173084199738955897022585846817389322858827898814990851916683196630587716654473845446854613160098882788782155891371487178505226097574378864386182131811272097964853274845435479069



267131255846152112078225190628251867536007815984266075443102771355013170352514434704079124774449806895809083957861840706733708592561435957589127314075063454671655668173868201111795890231345817690433559955179034102733726224546079296961986404543058843045973779700024055278261752628148954029396819581610451553

114325422475637390925383837473978553520935873757147583352962615282597911750952389058465409565079643380922846554884440177125727005009580964256696500740324122216082517955063922472414810719742834129910285019017641753306198900356323254896804157425390195472170713233806728069379195240923134288548258472685315102193



267131255846152111998223680952354872603226195822818330203832025589305714061669981068556441849385519352732249666269364563265557528814723709746382786530071150825662619097550461613052119155980893044821485542458760670826126420170463861803834215850312916464903452450997515986106086050851926463570056717103489633

125869733940413620586675812186390604106967746820191727077478083065022739080535137866484004615388333474967857897835351060845695445695089374278973355702533783491344162311067670198158615117801711526376892443350268301175944148794616054706081420050699511623929698565666111015979938956815255901368927362924322430834



267131255846152111964026938984997121368570302985807011452837521805044941805346846687767464256026248131325175792716514001008998454265726435161274704345997601092170921217564529055613053185069862371518820214347143588334884763941714382302546476165044973730241314899077398223362101687357018486472575267018859105

17796546143112143851647898109434521419237496434542429251447558586533049346898087446866747383467060028598625075732189719876703638393428643031919341179198863948371317035820435063380986603822968803258843581860315316983269179426661880934669853051825029313364844022779215347931465041731370624290961796241297376269



267131255846152111964022294326165862179827505502503190612355605121075891964136298319123207041805882111005501928063522977271478934676018724674859651097977452220830439837831685014809821126861815221791926825502542693284615598822549252265302556961899641319405035143658592515327280326326350222153905808271958625

24968046674888724359688483918510124726720035337483206181511526633831810826904916139708858123964162042943369420040561272158775144316846974866051225149196229688508546415883618278199388316282283337093324800259398597000008918303305420985683695618850250169833237165103082120575282072009939991654816790999791588264



267131255846152111964022292057158128296491533215901002393286189002794754081932945111925268068428886334530458108160199359904769630520082026077338932277834285160469725849295987880126372037128083235871790761200433449824844744751893164337752321125776079807464168601292280259084400200997725589455536203688534625

131504165251832428918038446925673685163199193386781515476284115943719206987272650745129436093210238710240545735676674219028084970905463867821494243830059608310793296390475438771317583668442173659920366933629539550137193353658836945651748855190190663554112500426000778656169206449307642706657522381830199887413



267131255912613594271528461789470828348118916757534984676204289985008929297204336580208170069495710058267644342273805184514100516202506376199812920027198780061990528394431993925115941667782227036346917245317360510698128264567409406515104033759905936730677940909664860964809428368673878507674859153993498624

45592966738739131829015656595894904608332779130227490822081686163445555411139170705674728010867115105493730918577446513677697818610076276897758697747653272189172283375987501518161102354726891289424611672703475129633199841239328988168553775826166147497936466424723280118404465095826628363128802285672620544480



