267131255898014652519753303970616750229827656651067238544512689681216415911753768431930733175217103616954806780428219311844358670753131188708056114859919880385993481885405176365493879907769273574912099736458190852782144358515701719377898836904292397519170549296065819791490880919567189177718749032505107041

101507133619404064597461975481464372463937853324780185185020557874773882927737750705434714458248661352746420748020413559006960517972116284682762422428409947491455834536808059660288893769315270695238888805331896294279286933399080010273040678269853421505802449041669855941441088064418114466271872494961540328669



119
267131255977750174357117653502948122108955278476996243446544728944189491649877905002991348283626077782105464028806026658500466922297044356779642233852643136056811670872911741349412788453844428516114169335163282097033457817715664972673941486882945784682018146157637290102287292124787005159550385248880779873

117342803353929301287984696882598610683371044912766052146807321611207509265536293780982146933417042501066547836489903987443313180584071272411401032026447086539714919598704143660566801986213444692621518976909980189735445178127749797916194900758699796809294204364078793187248357089435130072043840004691668191899



119
267131256007559506040687943329982119485816746450926014069436027020920166794515676327846406308579158232300652471503454300554820405701381894659852698223829073590556467098977537831678909211840707021041211779710376006510318772555823997225443030782934216963807035368420704501556809901476030939389418522219340385

115915874223504179301534144141273055122257569672247838997000766777748160396937767235082962097990428042104801738588277102414941598062551201448018318468727144492880101562147807315227843146408779105421503900481485547732369135544068829957672609647256427543493108910495745504736136076578351678668559220192574751985



119
267131255877489042509567413932818530905353528939279084740365405761032150706490705444135581986444661803129221507364728322678319154004625186873247670598833731566562382555508167529505106144673033501211526757535903331584767792303680272598984664155415769844886542940910613917385506836210887930692124942010638945

93572215788263594236344260649323590451440163616984830739744014519632629653878252558275105162900504094665333266383267098587638696328714343293490605946530242969809880631299046903088032173731823324009386776969908874198928330506926201801557524100974821659356613644199194641175820595321010732637636327267831445773



119
267131255851850115105429598658100143904914544910780965722966103156005501092716444169352164001231061423524218795320145627389691984333200673795371428126161653599530318099386549604990702853284304174495922978343817613856994412523514395017611274502087530575138748586529208948229611414753579005122064697574777441

4575933460231027075714944429605251515294436973053275047262742923497942780645637579643789506422788262014883666095994404143249570377349557252205772596349652830296220220676149715340602581017025977360086633111754781810140987317906195087482608055252539405229813849283029338799022044807365873276940929303029822424



119
267131255927090640071134488281179624336597658185575662185543416710404106311199971629092761716225619858893450427837489191242195467350742778272112620538532092089611989871890451523432724048791870036880058498071716362055438788230248514416123669205348709714706648043658154868916969323477782718015964560543146593

104093983071962601644603958830072629420525750448378348500115273240123884561909784690694734839404354080805988300151479477129213120765471330533298263792434731389121647825130253268742421578511292322551329217716176822891624863271686696540908832185752486009482143555604902056829390268200135109503473054663956935225



119
267131255888026404929387401141568063410629023850888892954333754722898761264656054846824556490832627244535402533538960458763551078516991782862390240634566594578454368561127907693640633018866474985359305794400176529388095455114912006305866479170644020437286712988616326508639561365537698801881269736095048289

116576587457201147219302725334362940938917497864456650981061389417917588474796344958261015293192920912841599475660887345548184526527416420128173916006262141836592586415232076959665712670353652154609761257040215118402238956364275893645023771933530857237944729652099497827958817563723392418454505233650283833983



119
267131255848290195189157982937925990595802058207216978471401284267829679036727139742601260072325076549134382094131627848215762689971911501314559947545006956929367621870670302444240956490513272542309135958215249515730339690043574041559274356204097390941417512903099061707072954143884822336228090800148537953

99724968956251631517515272318029342398162657836108183859236042076994664762756510623101019267005598086065334229817898740719198416111656360791174193470718786010789181290752044606325592286928499163553228454216202955395203025880202287039167582142719099067611307000305097113537050142483478230881744246664384935127



119
267131255947623410711141813451883866275889792977094095614177838425793440248254065417843160521869195469072345484381831473906602586709021639821215760948640732421133099012792548551205685272540818675483250720812482896183476806081770251577174824070193959404245083450877481656367822074672575286988369767612768865

80346200571792653040865944649451833200850641669900096916678534724793321719465511302941858078462480335337395158728325315810718941569625048397333912492904937554587412887632548581294291700413830478172017269386974850470740125873148114570341914317250157364985608616171059594470620526199628129585989897691199344610



119
267131255963977101251064093254892865834596922711515294997920776987770885119747084818887743100566346689435257520688159610960388111019402414281351190457627912975874225280095983366671583279441294611660537531910126815582249984360659802687428041194910388090418631158019891534591406078514175163798300658642412129

17091000822240766808803053019903552711706995649940119372338777089187465035465267076107236143512551234487563966366247945789394123159777304758517679432016134731705721496263319230877707979030860451220242772894629908731120081989269895993485787651158478569457171281282633238019063162493109081361105259681198219685



119
267131255994771874789297909767467665718354382886643195073729217255377994556062278483723635528754367689660086380956424513920480462615227107846245976797996434061459015793872810458501213180925037240256135846959409493495800488301362831784888868233303335667084232269277808178469653650451840705169749356683944545

65099721892487317558095060223888392890297076154233624249823392761287315233245132722015076405684508763325903889499169437960525833773543121240852422412086117891579451459594779115108818639309164752368406366276963837521121171481964354950092853497435179701768115405163288046926197014557698326919304491586168214923



119
267131255981057969900490989166994619943811871128295267867980386616002406704627006309868672098967657192631602436756891412884401517611094424272851698761648197407934398058814138425654021685645769893742386498868615016283430691537270742165373779607035364082013489937578837730752417022885724732697996500066853473

86433229089076339217925014193521284886778222309079448717762315186017270529503690485405051583233228562864386725250862071089020446352435118791944175016172292650436332728171983795052353149359542717844685895265839214498773996970220475859359698517918617392208870990926958268231568799490799106641645836743700216765



119
267131255958546389594633137011658159177519027218954780884293365381946310807840617397486913955285229657397566990950226688685386304655071949823954705889534772966844800896191122520810291487113893706217356494872437570614591998260863295946197734478424634503265856227517632232294280182867863738381483471219679841

30502785564705752677999360605178377416594371073501339499653698892668067218523729024838024552407005213759995933880329139603796677298136277310518784923060713935821223346206072557084057435801427493582367567012262869117165065214177108303698939309744370532950068759302938150845280711587681497452099272811109727536



119
267131255971346280848385395188108327009619268148586634321981834296633204848134030528279099197145803039279080481628107689264139560234045399034043282521075232773960516243089970643187889377582639157157683869620005345369602220842227624792843555293698523371245327513230518407042920728771958169986176924753551969

8740551673709437014890869932670807466618138617368176892874696696348052352518485300745744145346869361750873048204484617292704771189076665741636544745377789716368707482320395266811965609940255683274589486375371617327295757091017877766265741580164886319175467125766943147021251865948882625177765632203917560571



119
267131255877971231313097613560373866650753274532882397869047980296759236785578848277141037912834051323911384130726620491984889528746109318296679469111195763668205452608155594279546307045808350224632475001526388064268910119793837905471026258246264629825184009859734312650574307650773816678233364224062743137

21005826755348891122080874766797466086384959449594596262351270764470681734764786327529047315781661593409182565876627764163624395844401500436943858742731675355120139405908978103776558943465148098070696853081184791997392994833844648422195383979265992896849360723493001940692109028995090352151102565919899807365



119
267131255994801544645348038870985062984170253761797222741268573742858083477295287124935968227125209316688297094316668746618728339979910596403581338834210259527409084031263413569057763296509584265695001360367946377327784593228270491686457248722975337379523728386295883664185417944454148941512294443937653345

50812569569465973008426961477754018142677279051497522085841608345733239088685461942086266586768021101515144172868652103796866653673806059094987863167459828461068947974374549963263351235953008067284401178277721550854993002264601178136950942561101104618341274008541933267350077726983922372470446697586914263159



119
267131255984787937352768457008748497258785844862389803131809679228477680712261684691632282205748835999739210536598709903602912895373356760239416058264712491262980089917642124549102981915578600116783226684360758416579523091752886759543748315093621806871912844104228256121051220278193881433023838880140583521

111824125936674146796756894109272338917364874995622687240156515811766391389247690035735903631015121676754886097202343391071553421010895011758805799580029027746109490992574626237002625609485617119994372034640056647501139868123682707969770376757813728453966090891151999085529396436244629620534098856635606719616



119
267131255885815800523641652019844212829615800841761598180759132726853403496447119941208109076338923967588561406535596289833140794424384365635458938977219457550447471242112986296330383522119674219396259069711368300828912050742453666184568053928148813863413164423101669123604543890131353539347427550810038881

77768197155019933056024689231569473385857818572436784423276073157426951108944643471066015160063767944318667945703938257022663912119551076455711788452170315707779820653984357421189364694245245832202208383607592323463570528982846511483549201292954421087697586401718895470195710808353331985106461856831384640089



119
267131255879562700962630348689711184363159143263562701744921804302381620141272878329386194202553063162831127804038549143941817162125331302430434057930048728952530282507826141088958326716423908267298068385117316290395053985890307796845915650509612109967411327650525298204356219301433125004524483179314373217

124210427858482549988598074898436517866230152516344484164978512939178548790851145554314120949283850704328792353283022043962036869742832902083981230812270174642943974871550662287296683137848426762514696966536039327258891215965720438780478585604303625646665509735326519565100280049747391055906038871409879510847



119
267131255875515265985166475041451133375980045181467643799049322933380314660703402722117559654313000008013637932457111834865647180115811264455634606122875260163249285260633450209093326460789677395231818167544295759137820663517418597774606871123960530862350125049700882775344021832860345789923810375568155233

35081165475231377656703827534228566826367885093097278687352518327457486719957469027191666277076557831093759627968620815876338816254373074891612966613040938749809327969948627094976585978457038730096819773305231527295912430318137172035738423651796211428300413665637998267914371141433908927636744923085759743426



119
267131255854633498889516719711415646541730108489724135363559076940521706744124902704494821123030725420083194516185746044201496509000909176759804200937714975987733383925451036383685056098233168358280292316628646785719600927915990981199086381277668888352642652192157359931880680766416294424972103766566462049

17755493521198962059902522507178402377984000580233192353659547756765796519829528440281732610628539534049588838807101511208278840235426002868158932199444461043250465730647493232540007330324402965461974927456239004478840132444630899251471542167309550831511588030610745784911824451281571872451238280291709930571



119
267131255915466410061035553410526918400925854785702334714602411311296544425176039018078465220241751801697440556483451387815006349423145648261044829530787457926191525601217297504203764122796449080878000180751317057339218152736316545647288948380205545761760528391828260261686062292430346893648167988852122209

63379937270572238314349081190367861830680056358654129303073033472896366398791168720046659689969234415551994310441943523049099324603680292761702515028914044394022207183394414975385537454971364178578286305981156712653853255206221360035463062586592735300421905359006779471690492316290282163050975500174503568777



119
267131255983253234803461231056282043940414139565870382038313142640236079315228129625320063650171825094394404390790371571916951878193998690301400274940843127151355186876811193133036473698253864463013788495858851865652784698282320872451454980117189521792860714977071199406854710854583016366265423279780225633

138038404654840189168104843644797236844595581556458135861161666965813807146067225904698622987710148162943335867742727384509347965984357675095580239867862309487929164375099352978826625060336242772832587013254533666021005590887004729778511843181101310053556441498670936193544539022280412612842628115288291402653



119
267131255851287393398677071196938291570316832261612841480808017264958244363402845280700808192454262536515693160305448473263084107891151000509043472715826374165590706447496205591788538706133169407963239978528162253460687023724243737548494342148309620187734706318030990086162165113719242798796957945063236193

141990069052882340543337533746234417923923948576196467832397198514441830571350844446771472001176765913809396575290879634800936671895415033409752200865535589590313782116768197972568412047891329803563904716086858889438738053840266858882629215636043243709641886618035761808656028789942441144857723064497275661019



119
267131255982572349710400208803135741706384385208244303316857806822277224591225799951536817667538487182456761362089002597887395149471527416032146577940197884173784369541042046389098949330606428749554225034166397796975030033512505680581836987175215793369075746745200961634370396554505260453016750000619872865

70440933184167210288619299602017845405098682468738615321519402119989350368848021084745288186092175367046010897928936794174762132964456400696458920913711550872749982345170909408734077134689103814657638562292232463416928595544084556173331997821508248444117022927148714627866557154207685848195522931039870224645



119
267131255876609524116898333486515816032432265354406689939402192385478358079371138270127690838700213835787016966360798755810929895540571150575207738003041742012194616246742424343621967539179631892179465456657465394688105634434697152398847946607651868616131759240689400849506121343454966154935012868585906785

104187354237256892304590613105208557519401804591229922294580925432896703173576278008178360337314216678322738584516399645235294680785887692042523098857882206782243287628634479342336521839833890443814721363740280121921852662925073895620340421361826898805395866218525667222458301436051693169287568613509799341959



119
267131255908131084456050241872447203528370975953802074413361232790629057818131720828274848409533844012818524382021612928629894501706313836654596296302046024149843415602157417965980381598062476073956983237039465083906719259998814608401609547271529591864957427768059293740850802153030214784085342802487239265

19621273890951147163336919213816461520328309033508974630599137382664861906411432249987280732662228814577237523012206170376842151086041451628702294033542823230821074549793066223230047806187955298916634651145256897411517008491982368731593665630532161201772472588298323696935697050065137050695416973171800088387



119
267131255988606208022074322823802210142139053397021828711041947071826071823377400604367167604747707457342379105466835228570567911700132835799115648084455399617910113140714203133104911200689790985367176970316073809475006078243379178258352074088590222593929320866275955492862781691206891676896903900776587873

44708583455512300121260133143071058539518152617933656986300058369410676580383123017897957113696739319918061469375789528069456137803593545094035474192650809529697577234116299453894583726616480193949675513614894241953238881945533464210101058942219220951079662105535467251794310133867994328733730965949280577133



119
267131255947164110216631171414905780880653340712040112264377488568972069057050475375660543625343764711687581059274399721987245879137656083740550430326815843833512185664322703487680821263016796559068378255801252211596890974360921019151753635779361769343789137037701372484480879631955152255751974669334569569

103246943561688024083918224808333385303815453791949283472571320432708952986412362212855241317867642613610072848121720835394362906204115797097488397761066277548087835399162218884416997119932567878078963889652001312398196066057375983034503340014741395927269593664130162579634529942179832866742091861467460495749



119
267131255945518785421719452202750511667861487494859309345130548853538434776979951319884237940526562589706123454863138625446086330027589660612384713184435758726654862160476135977855823738027839208114793506994019376409012514079119029488102176054174161366476686524292756530760425005753979247164243385543516769

80368611530506463058872633064842010591910594043110442825520887006336847541538131740029682635634053301044928938245205675433756250290157058659279572314006854369417961546968199264176484998651046901304975434110207629008601230007266017262987867180163437287919095700014488235366243723382264068627562335898103256594



119
267131255933700446276976663697927973856633285663017274007948421113930862574246917205233812732569933149107806927936845101720865309915102083448069165169365097133421513399740104983340338186230349370083887589044221922564979025546706979047335383318366287840050984260850958744521056378102627225854758266266149473

61542204319037204909213063389918440396922356554767522704307507158999637726527081840176041780810497269398998555288590140840594267472996535157170388394744601064971486157699869399294650027300172640681663123884688082143162813384386465758558421554298033314479635644206564363899861431504736733637509737219270966986



119
267131255868816716818132546228446419761216909284160320038430860082572512756738138568076787380231123856597392707440589710671345083661013624561787303314582897908355622953226450174517405929083438853738874001204885723659203133442681540955524271337198547213146632515649036895498425639490403089081670474861339233

98197023131658849908935077095381639616252430797846929766704442312537724793265408407406145235709736910075170958983692732559778136037157436089252818203226785313724327724625283123946238540668337609258172990810702067993681426824804975398897242526692755011541013615133750713178705405665894868314616569264814122429



119
267131255917059133313072738732363976956274088872569323854087461372529997771278769718302915497528005224078147291481663774829899983309445255778023676268084610090623886174313100221231957379069271124738699726965351610629431988306835064899907714147916863184626188197614126606157585953308766897909709395644867169

120665249068520356863553824974382530712286103731388666230854441229705937532362301028527846780814374837795765028454283517573264048216825364433143767825586573097513989857730192444515140290951405122150832575439438848154547578982984777942289677530662277464234602803860301514561674818263410489854700798769133531022



119
267131255946730196731324539267346281224293864217911016124082606209383623080421440093055297061180653426930152845281721335829231103651610735903810963962376765508237117043683863727573438060889567413329926150464299099638641003997515968862542096304889779332815185548186096751507282118830378372937040307836641889

483163798295304432288729695361055729690210263144744474713498043069987853509052501462198696167743591262926129739596009336682907628951093091643755962421528480903316367237280980951035995895414714482249295122839472922294864234117531317352388733673652772542193756631881654603578637197450727113625738174086809968



119
267131256007383826074892579822661562757234889895733886261056450051184817951946655430570579634384872580759886535572454737180453584292500262681934171952734206440969051701301479713971410170476160362424875277725571431791165383716152908005336829963991835685477855834373420017474337346442827637403998955759690337

113347560368097436241136410489792401769964008931734073206355822463150516674346867551426909565396339130616021947493577167941532242168356427457880933873315347567299403562134143362871507989635635648606110324438280380940655030232588373685477410036020688011598894933577698311442570060355286303699245930431214258471



119
267131255886903250255149944496096307674050391511528757226231370293330356270072953544271416715570938506305680771837943449923508854299636443056348860084070716770690134205779967292224245014102818820332481573515272058514793557963114885871132337055928989989549497088491321958579507399240102553482173441850434145

64706881269438849030236632857034241701892867493004835401463231988630922057048583702266522054199701386120857271063085594438850158404217816904141091564177269077694796066486417600351531550634929188432791143102505208279234229792824358403367147670445388735082016481124226255248286923538197989125659499367508955691



119
267131255985174982382557991047859166329931290190595118691019045468179411336286282090175606623301349156660007430809528146259648525312719272130901312858722925334604922060419283224970686510541643259800930734023418520844201718667437484032319786807517763607879023584414072175123567870372043049054507055509103201

109942049871240596409359241324036672285102377945897760513295242273611155864056573548575589222994927020577770736859517036253176977225766076619956415182462334275157427020073461029185586393240796810876765587678449985535565659458445007754191257667670364050697686847499636135776960973814704856110040660266335748619



119
267131255881908247584994828350656428139449735623477733362387661568715786336721205012312327209890100938543508559097455295411225907250327488030187565477013812642941119400692100978932189501835733254821458815212186667881501207317030571878095071866296205185108059760699767068930887543481958130095268039416308321

8225409432564789194182158054360842683499915058958123676255860149207695608168721725888689918482717653977495895361652665952989667124575635316910384058008589286637944122691427889474339275881014017144834524416555822249330491615012562631326761816663395888011308881524179692702979515554655955915268316502451695661



119
267131255977639121553123473142128435189442626098855022759050122506340403782320443188975719758930265473918236973653441338144842310841051126297797736149104603706872963295491007366957475319881585251699320293307122091795840807594644362801440982487919994292923381173421410354948645426818100948345432862877770337

60005088020860787515933636333279573924797442693681083080836190911630338164037146323158940608907948837086546192000211676168028658348861565122104547702622059127674126258781145540852189592718366113389727846925005382386125323554888040365814785649545465964944283982983941827192899527938309356908337420085684146356



119
267131255936730182729867084072315871410802953552148846682323633509152039846653848166487836375720905752419713093322087731062383067617319045533260303630056682766201003592827540575910946270219140366453926233874724875889388598642940352797741331255921592423294943775347612134920978036308627474643016756828004961

50643619145945389264451330534154525790148561606293437528206510401410387170919861999855249448776325419724731373468883962867812536561635326270733943685591961013735955737417738407357404279790988588961853090568504621650942523303773257043197925091506663978455714257173998293824594385748514225342626549230780586120



119
267131256009086183941011294333269105823728821041405617046239910383933043903817555838352216405730961491469805300427263818471936482132457691556260274953222014829949014458916560031181937632756713888005669217003064592429667018327197393758603669206277045808452463588180209814444631730647263587550163525011989089

3952157875490829570286557191822786987536393477041446283578069943667848777719627190673699989879124996552039715163588199668953423228565040241650005098418736273184325899328553356038091037419152996134353356491050282100814897746463744522528349075532907786541480299047611347956582636305810577086060808146882315509



119
267131255935022464914168234201864988331026418057789911057799008029203173131498959855833961786533785084887061058781868115267646413907719029509865807633782977675684066664591428835165190425966970037199483358213597184330923714706746944278197751517228771396460063690760290690364453963871568976721787217879720545

22551414457774092603025395790763100579780072708407005340361369121470174499662211530423931543468039453814656571915402080731547489614794718646873290653857856014270793136608726782138243967893628300400584497700735421403020401715049322903684060676018932185702385000947324343415930715508903077194022523155720345887



119
267131255873654115902493743745480036448363935313701014576722784561999026990928378728075477650834714755275140826608108122648340553733334673001006941547914402991655758169148442566369488085024542870743424484776957668808124546996715406088277244124630336073790905960365140327295722083881390733796247664207290977

32428235505049934679121964864518198143061152856932876754039883611094709045061976655540858929479728164990275201505848177424341249924158182291243935917902750091981331731501464493106124422330450807115583905054808244340634847632160953105122617010787581483335181633943693221709145701165679887785622725356898536502



119
267131255932097326682773477117217704055144630260577958593903334735202473909131046364987163171731820445066876774398031431365709168324541243863556357425577297438473738646549255848223773777396313620334953882742902603212085591651429829212766286987277856308810807596308600055982575896326657170655654907442586209

89127014030029765123928154039786128588057054852294333173039795981604298789807925043646928695047089384984577193206232040463548297118908534958828576026075561887742028052607779360298808349945584420783654152363551457276589238231234028282375559755287419727471045350862906907669523087312199876405352284716024037286



119
267131255879822659484062551010271162881340515038607244693364315757814148467429253910311218840568027693982026966521283523785944337267212388579671710257872957399881691041766841615898195007267228739777712567915912052185642519034561468033205277826869077110512494403520442080380105680278550383614206094541546081

87831843285623302235220460722487602432873147797121773215469603722969672636941718605748753717713204874669326156350615106422328700559993079575374816847659168712440058467554163013586281053160930925987286682211597770437962578548978490216580316322406451995115209161972677540570511300018028846069250295922264574651



119
267131255895191785518708310805118044593620360218275659179958478298686586573676364567397300085698678413361033492469396064848372180705185997543217629341341714702342042668169694919563487723283468505795095864523530148368095962162524211618484479307697022941263353520099503932105515771151165574704045015622181473

44427579925799711734178631002040531352373821173913109543531024607820515179903514594552868415622753426919276737269120893717987879495513649390905701482336055508403873483713956303430487511296524005595230274117485649660399503516340227083622847674162349182276071412225948140500509774346077720056843473398239951209



119
267131255858769550044447996855109720133734288430446427294945836832545613056705386211789336235892284273287450586058608580155415330459816500577420209444907482692840903191757300296058062675595067202656057693212930392585545133862988356021616665654785717481534217485877417440456267229099884427238175181860201057

125803604124614866246314853986399480687018010154777794456472791557402498299634183956494991316606028127803554385911876231580689608410038093158987041683240396765480489744142536265774625916324046605513578058442051733509441648552368904148357614596931443687407634171667420304914591484665813392149422242823754074160



119
267131255951622443115563201745361994626828103329189599585917306248197856735278546701474550302682822115615584296579151365646546230961755384271796991599733563179413994487562453577523772591172736564314289274375486858302858658990183337370588669495755697232552274401183606332714713731355412167820919965382566497

29923684523889086714071263119101768532077309714665192646583438108824951447646336503045921731880521877508664709147568323338201677914403498785712363687427514926156163735257305583152503982454778283516590143421150502586870085275058052604022722851418421778301377894377706781481503964477125906230909230252060133952



119
267131255960744864205485161910216743042581616184672433691545769330470244237272541188716044925688642619133823156836641499782588826687892255992640949164483549669160949794460868841249291844446476159049162050412879200937665915806431301527509496634227998759042630730207391844214436560850551868531421932507325025

31307112970244219264963221322670004665288178695328093527318108041168241535465361567701530903819675688799187187685223611200342704996733322868966866540244923264756384978146183420203593206439438561235536457659247628703021149592343817148762293901850391380015182818544304479394216921971197077717610299102492889541



119
267131255856554090638655592494812837617453485674236113633592132334236028834255770144354424219731601693038331501638055274808017876036837302001762586438164170980871055652485135518506105039751127860854265517679732040463836137081775787853300675428685243949916634545052330577235422676801675134826852612156121697

15457465598767783353195892471703123260513177382536928296850127206428210526649419089751615045677215715070650810524548757635369672253192182214578520837732498665489067371799816209231917296765214690510911541735828472597393355215788499551572088605189381687798892180700968693345541835763214271411965243298032255966



119
267131256003887078442639324559857771851184722973824836710096822009485740839980338986027829753006592012383404445227473533314058532234950891361302063443584626487313826081250968059949262107258079523020201888537802266689124998958011138089134784739879928048092519414954749327715184734857052587394894541143368289

54886762286599025682157906891751274859749966603206456570643308901245267092464116961094178803727612003606761905026598385248038693674975163659654485180512266654510056149830580043486310688543883021419450728817330219844480167039319500329499012583180859146103240374369483414822233544016102180597921648232645835744



119
267131255989033399866942769564275311774369274304472400542279811299713085485488467188484905723693956245832437412836160398277296930658933086214670889903337424724500142477946418903027047427640873086638919506006669270367265108819926544745485390527645373970306528941724045714069998742618434508576130659181093473

30095908239802351143274317205942138731333761250410824719150825134484220713689895118013642960062603817347775851097232344828081903038289296135346255824188840527645715132667981373293066209720529191736154300401424991312455533599749793355010104421278432430566066116725942472543412862245710358406052544260586583399



119
267131255852363125121374021351050834399205592986825030585105293506434255532633006637840880771506249275856727683875358441727377184912841037563406677429493415549078004696335319074632111845822086390931835138749413137076988608613362541913532643807756491004678499293661935757328804943648181557808418255024644705

41734302315693865053939551428402902940927125279641070748197832029502721614780280043008098643644184115768536064990198701019074000091005939399802868347858412729932255133850802191482057287007262213388199613556704871836199612243273678132858361051220000323462920576242541060506705973941732760355986243048095022662



119
267131255927579241926677340946699488127609600102395091644729826389891724522236325446366527410301796369953765636266134582434208722466558680078801803270274791365309256622469663960453467360173154651541451445875872545041645613127141344435648303122174184002167032986267062309227622921521538544242466833937162849

45508932331646776264243887678885119031861491365272093154985055142698627379503504564763642576133502850291951540466683341652805371477641890604316629045623643709637061455132529664516822403724855993286058328991218458746371041645119176561538263450592408002542037585518990803083761126506597857464987164951674731428



119
267131255906739219686106644604684111319474970578764251354713898281266030504749061209567826189428185752171231452054962242175999502251577897319678013476838118691952240005785324391162469509886781587275815344939447916397467166837456062312162075018343711311115987941739097003840236844411176353986185660798820961

39659561254867470197347215761454838203008771401906563215491285184909888644037010779770449416199436339038186623834671657126434310296301736898564474285581153678964326941208726760746378011773721565458970755104498836358248592097622406899689938811410872273784442172990190023669521584587340493992927866268269148330



119
267131255986717248284920312497663238323005894313562074772562012406100631324289315179336593354004924757659297218328475493764953074101368621083766413110318249706452575057167110994363701707020992348325434300594482356096141277733931379687707760828628874979465675881745167010326306510058103259266788977298072161

138054013747582344417655356869878302695995167132931801244781993501036703282644794241070526199139993577367309303921401752056056576878526860892465768791284262632299350650909977111569649653726866525687037956527090378482168746214383845595210399013650796918140247566046787193977662669058644163953539326594647264880



119
267131255846880992959943548660755027648260541204713658715758273855853636389930437262655306947670095566299594991062956192174308739435429513927454355203511854155204582636321218902808336036548804431211573728357143777838267690663705958825152799986795894251035562735814325355787485816879918812106094645380080225

75265066555805868172026278637763769681803261314737229899787630082448203414828117030750115784327324493542577797402936792496069178480793582795272837259670075376668361956777541791787735799012357025732215709541480854108537269967882648276230129111338283638918921822796712427477488170191984576505881025250381210359



119
267131255942935941821910039325135910559741261266060034544226105555710801333380332419440386337688703417836480614386363072393294176272490429026861385277563837493305143864714750842787604755176536439998527379856954379287962445997779449766062860548280585327243564513100627418982461342406071916828170532686094945

92825434436768680706696525492602099174184497218971957511390680048221263837431739017094659582422963922826986204629401114024184359831503975495791953129985020300633307117678392421582791087476804561744656616939543089509546724000557880917070427391043888570868207897601280148148433346323897576444262949394381217505



119
267131255875054499642670303118449279418957118780638350970383705049145919675264463776779361502491161035838800392618722945686258125736754318799263389174420784302017790005252298872503616937659641581592427272847279611491679898117978896482775833730620919656937840875301907536162244858473425943156647916241904225

113592918156428773497189437154739387241958532248344583836631949619006659187449929529860661341431662524663224979767313057780503757904496286885177331164183695279075555741015696925369860101752304795775669164168959804158967840534783026541605058871703108909753873090752246177304575289834700791580136326354750831554



119
267131255859782583340526969010439897524817036067242599056104019591323274247649439450939593827166795295103442534686633404099893955350104827579303651191831385341473898263961031813333047171279126035872420405154464405461526131285660690405430100884473993488877815461702864831672514746307618816020798330886120033

65223144454892972282418490030522794765089316744760012671863069125989213105911759392063643467069970315349557191813281142310675790023913376143192008302115260860547903963927896501772610377188327919960365148223909848527771284113627479019267299586714296986811638158156284028788587838126011575113808758829886075704



119
267131255874156901546730697948965286674304884306647535131317571819229573049783312970237200350931805874875335183075553679364568058673471698682518392234305611553002621615044608306599167629701605405889186801151845339163979465499728331817768497099194152727455050630607855013785002588529717313359088828809437793

107797887016385144969391094540981909397808328140437784265598820272338985307968994410072644919615969014470121609550998063961330606646364777243895078723045427494236903741614984165250462064978821863256305940572646113462355618272603493690353069978364055870195129930549375144837889887006121745575156181984361021626



119
267131255935836517888854217372841763437369535556873401045967454548900928892249600716535384113843190231064468417887234199623638337863551469315915355191569099298965152244082319028854525181967350674099135973354592153952687108618993887342963296192358879504971829539481556916724756149441739237018789779221996129

43854505732750924310001605573926024511566596699827773637912470677433641201378250349331550199412477202524703740725246751357599100375467960798109006214571127229522660923907244879613030589536569207054293446818624543570134101288856845658628470210268707790826636084842063475021865378108218797419349922483746557487



119
267131255869450889915787848750122262606762144555495900921684192917632184379411045656928794006662870876594630617571577118299088268520858257170535931574197639451477864916221323965381300743732570932341688636191122051580294975107185792734477120994360405378463092062217724918490743824614685123158211299182338657

140209699662206503263370780952898186121000300568786597229606641749935860717933312424989750172499913408763367530044800364837320243639268014502980194787948482578557488591428487276577328168968466849409826035929750900316076987067249704327536080477199876970583210864796591163994768539861554413657717465390919040887



119
267131255857138884258128983460442879988946506777002525772574639874475527284047576848786392571513282220840347197885575231177103698464630209446071187634980595137465144019926210381120331974497053535341271906045178347405946991900152881445981638663328892332973394267064208524842950864390909700702963913378194017

95014791327311001950215517487983735618386068599455845100156231446554907637531757122826540338787359317061639522081108539392708086383157806907839662651382839563882273786188376261604726623297029847509613299265717117256120052919011834862865958356374783994653677794890432665983939542596888047176534649161061596206



119
267131255962945752940609807982773206914817059676853772107491744493535673020893873687674958045146878203949578861443497746294702760273199923040861790095961836679286850220235521677490744911119694522654131812607851633045565497919578584434251722251879131074093849252242778304218237319844992275318483609381462625

10456397961751959323953258912136737717484734988220530755322832906657795564775477655704208533600398293793708428461614315034075338615555880575901138587151378834181429231014829584981925959040835606622274345140015435838327036828193773729646019143852545320381569383753865957094471684333573118670254950570903104903



119
267131255953468032024524534034008780562122628376583867201240565424675406622480475860610802438113514018382151467952816614518090221110519999048884357019405098057021389007522250122645717680958485732466977405780978561252904522371756647435860971831333347293261552227827772170877635842593699381723412004537066081

34053137537740723054101308661633073705721115713583069640948192577367641480216699566077947515249556293541197300989753295407392109324881557782904389777724031916778705082828410223543639999971341949925848277881046106224208722984211148626081604522072180845569360111668658456081405927765048135767217630786772688546



119
267131255971542511912839000610242848254706333246137105846185233140230407405445013499699662269897581666484365364056022745190103760700505250587024148328210311244142987609218365051258306335050964161509400071519800126574289422403869386398171299081895417330101392811666053404805570431535594454387344204361851489

109697490568617638520558982670916964720282433309617100391297214548839321680453723015776542119523811237705697239173819690580731207265772486013263216740200153255665722228055206741614809731154884898176541498539250967142780216741214483608763371850801678878465990771590043320420895269833417097082470707282925892108



119
267131255866851841322944743455701759751895169063668942553563703260655185014561483868756645088784307736582930906393508009778737973495060851101792970720323148923918280996823920352097286968454755805146800493393680130337705140685798803443505619288540373246788413622976631377439628240275299454639001863037608545

3114582104053471051491027211837700526735050845356215142639487868707392072597054943914522129842859208832650215599092868405899333938589275819499823212976086297732663697884091121776591864091410054770655569265376548363791037528754382275550572194621950997343394480557582519062642535073520286919938939789650747759



119
267131255893910076534212757423926899025143514689848067339681305964716401925582363093068775205339278852511135913764862964627722302866810546359192959504740799319444345885412000579855934628321047039888119771935338326849272271670700034034166311186371803795319353809052322326651207702999500052632029010667463265

45188939754319643520168712723277335440769074010478184887114435413935428683388684998704393784103838954744739358222970366745280852172918563395915809943520997633933987650190091139304558677239694982629540246756448740368165067422496292466057829599985774547854014821774158898174468686599617471859538254638030099799



119
267131255949944428001751118450191076908468070311203087513753495055749990150046654515839913497795658481048490039738760426676311733689613449469377342211542049676611682957062793884087719710639509699039203911588217447777787952465550583238067977423597492533893235646185658863896418195747717298235172527739724385

65925094759969218817599828187313929215584485706825358159202890884858930062203638318435312974040265988866834900621130461925023147008364555301364034656755043791155947369585674489152179157384210685284267822503896108790646656424381546192860282557293218233772144422691924032045711825468489157505775517846673017281



119
267131255915105594009604029616883802648472949649657788305432703525592387765873730728476167237110356783421396891833673048426733365260490238135242583825521749088741089787472624232434496405022215339025617237632741682582748996667219407470400866312186040744200045716475342418113038475925383194140366720005792353

11433277958325661836805849689955077951918079846686710746545291686889762122724823199285732638267635982728291643699064584042821847441390822071102224178192017165700349508081155909369507941541979379156658928758986529242950276724593222108678244506532475892681339268364224805486146334246412743935417075351940384831



119
267131255956350279468899547542832518892585802562285695686612243360734913124508992143668403847663355428950387864859871133986454465475194764067305490840485135105311578984988810034610005693780900989387883995012831131184162948147049483635744397257541362921247165171129217393117965740403540545766567167914107489

61913141063320691578377717319579659273530423039863453486751103469852435220013466338621364044990098992751348724110530948923238482094055669153217539635155016122362909968894902373349951429424422973969746562756486981261014605563011483664420922486109785415214152255825897719294494224461313628009067407575139852334



119
267131255883937320390686014178279691860703551595170611145818830392038218002953670565479661341857477007946744042142751131307611818355781747370800898793341483314122569487484635501826081722200929189601288997828177174927224678988812426045967494718007358272783813761022158860414501638591426241798391780864123489

101708775211125831197818625955820164504319208752611496138691931610402098318347571376825791807874483212029382471098919466593304537197788353153555190582784077352315409251379087657283173312305410909053239807816639724995046286014371803137547827908076029376794299873062970906652056935405526058577345738877295306586



119
267131255908220665967517681549470389897085203127881621755195491711345348100553139941632034789223705466547159931424403311731941850723340538296525371740459420752610043598530142065666763396783254681510842685951510834167776264360916126392568578285912477700411665411682483673456830036568926024238008735489024609

28409525023069134420499483536231701814398829478914133680270157892427366820688338226055722726155026543650420313969785689206383087829699214952517562967953497374871634363428713222392451759323535802395164594699442343263795913521780118443133711060978583818213877622099015152163773815828191889648054237837725737992



119
267131255923845256238648732658134620136005262097420918760167852340537680496508176579912098540241163156269272362942114366001223480057617018913725798776744730863370110978984903155827837921085218352814075868474364131399394802695969548920635075547553211073256489032216647755434298205768074084520871007055209057

11216610962153735411631391200289416733240182377067451817271515800255611699234342694480820324323360015798762098779778282247553703394489684930622973686065411854358801537671617640439875321765063120252495059354554139307482473520400898217265145794233889465438164969780351410947132127192121911723350616374180211278



119
267131256002649250978796147791820974003880352450132326278609415678478464637439347548879988442366355501985674133195994066489238340424190906442934014542674110388698953359919863957809843962871492236273808651690420101632665416954085984443641845434733906879763183734936843118889167200857870991307257660481692257

3753601393893117552466856424092707608948917564248954949153703025343557962918751488745617681673948040535847896634838415862411255706051865776662535022551443684371773308182479974325455120017773632219049579983204794150664819890104087645952400479778672393418690110766944594570426753258690012631797376283152220315



119
267131255984310243389072737324881871161050994132287743375317525602467024063699963896392085726628376466813169260528278333702765469515403791774065888317951052169502189310302155423518425406512373152079331866030813009335256800538898121600114030882922495554592625590628478130411191510370970938614182277063860833

544683380077587078613576568623628092899910856769097349612280342230334800870782765238433652503008828862333697142788950748842422232666549881068165409682581393048206298421759959998798959712853147170848174514547905619588189829374586511901323260801259699025342686459939791773687906225672292296312299042978202925



119
267131255909085207727118392899185075422694406725903471505523485991938028216945148742500326684859067594593309454882668387152987221652592080945418580209777162522531046978682057565811292094223750365248574315092621627249011122245417333398397633225273828653800793334088472756593751380704064201667185010509308513

65054429495487151264213592360968821098880001044109654152736094520556337564372072520330889385653034255559549054862014761428803077810560284131679664878276194752810370463523576896550929988911185531291044315872543106938078481575333364755645945486697261836646263696623423439366030270581504215678310965187507410302



119
267131256002578303251320349755480758267472126316080673219707087158411942924287699877794870045655104823500355494214092324659524031768403591564353816151365521022419475056596026385577474064719181831133987951867367399088535995756632971750184385975970817654465962587222602689079977977321883738048013299467117153

141202701307952920474274447713709444643972148159184793089256406758493202644002489976207283985441703155906518772719118623344122596752835853885544360478509667344725201947735326842758482510013901390453508197680540742732655342132649154666370086219146614976386381299955674183920938585690346987241283633833288083907



119
267131255984993765311734626862722723005242162137548496133946707464730920077286270113392522678267417294649249310730637121694808064672423965831810317337772491701332066130456352395194954147089701591651823223514196039977148951943946525597635641179720209426639809735743634702974891616405721307595433709966418529

22680454488741672589095594224112975295332423769197515921355130685915770786277265142997784783938901491808358800789338414916802683533369405452038204143742175835822678186650384587009991794300729445206134294496558093817818614570934753924543928361091181645905520184202393655498294598244744123975747673223172290831



119
267131255867162224293451558564783137218984896909694658990709918999114734918547562967737222335032497071234949705503460730252268140263347502726374569295617015499628501408044189415621007682642803343018537349596088738738098899582493040735830072191350524323279572129104269264171476757599534989022377989019755105

4311810938654390480409667677651681474443179552128450978652713795895835468794691442162731071354832376008704729929743897218456805072458925048559355290268590806729477481275024325897436655233579031267218285798599256682491471006404234145470754889688182444139625087251731497980758216501420558129548698975398667297



119
267131255883210889525275245557860611640346968639667462376102078150825865421357165311470611348105874962434949277907837026309084062389141791926452512985428190137664212703768268266124604013952571577102095677119268132738031557971720699057648229276553632646282537723474603941782226174247715546700567607886701153

55822355459925733868454661681863956943059995073239751245826733631750994121929680201379975466821506829910747929046519154082777375888554767783630474624750535081244842574667956656587983026285360374106550174175713457316993907882785910977624983916323506964178662942584779302999419909470103525538390008796643392856



119
267131255943343639413346943928602890021541685885234501959159270456811274971862114975499067914550508129576500846952114240267836586661073773539938057892677769682271655162272618397429460093650451982181390645693049147042581052137838078131750495965359527533365474426796214687620795623398347112653702005717688929

123009932290755502275611209614090097377894858061144312726645763435765458236358786594570749621138097075770956641800676424734136583447672794218287028208589321778522487203301437186967262612152937638624356527984771384956694232883300681034305680320090399634394280386340042212074439186019279752609090997721479598282



119
267131255860075137648269141164038880826799178088429558062335616048195862063316879849713922737932609078528167722474500693714210762337322820347583544052417952772363806883550561696448509553093279541844669151678254763125622124504250054616527041164867449619931019308959149932488517471730595017702576997961785953

60384370896223811188791945313816310771415580504976376285490858091748003560350602824645631985201053552757119220628840543871306827497230504686465732290745973314548456353271381685215273085572680049166870530325922579478678920771038801926680269011413894717421392550304531875608614589758632530359298942539133203238



119
267131255853843351763386170879858724475718659927986666806415142726978204295397580368380236128815013734454280615505847141128258528655051099125301064060939486658494215145631628197274716224126351306911840799744820632431883460993853101062217466129291771831421560540787809061726039456780230951573148452052492897

28068183870866946386863512572565548881792894979018696536736645090632419349042296080065731115411167743007201194802941111296001650164716903403625329282469576401907896430517645077018674155000941506870080321285732670220728502480574382351528788620499122421495508053364258484438111489271238301866405238035602070577



119
267131255920923557172205574037828122169930688029973498217699730603726898914349414492523100657281673913463326965916042929739003949111394270655591967062696203638376060573787710337361226478051526673841410200045840837985830835279632969978452664047467220904601444223580220087760332429019710022317334508381364833

12972413523341238467885660967054029267774272512886031241169575034211278035694465784901770369916743621608535139182624668650105541125657659776371143337952438758778394935456476940371135144615179609886407901264034630846936314183234939020518681340570314807585576964121808136006249396674526864519770469887849709044



119
267131255936244351701273490615921169577048269720989609260873564540680380826676535891092886145816699335267878858266194029076594302496957895497164267732153558018012263405767097784793258854800025676411083617800540881887497454909102578299091633370859419302953401311619867437210430617677753348673054565025931873

69785588943313610703528606982072408307872797690197634517603842028561449902157106314620018241873016859846451755146152807908646374333545576110642943799549909066581247016340180612926632939850603283713948209047343253234222532959805789132048530001612724208114831201682518602357883365545627635876924165102667857214



119
267131255884507853802070774960403837496038178733985729573001088257729133932624655840111092522759531205876963396283681120211670091823595336803357666736072798585189482000215052857537740838210495058688176582373679371531281425072431985558544418027574204708728722175409631821501250366817856331264667741273154145

36510711801213606807109239934692403310645374317377527725221793720567163491184116381458516287702019552493687918786629010803582889961642053858523648358202827119048346489410342685816367621604409305329553073604218968278028854953406563067494579055972941538952688178584984281968334429125086832636804876069570437734



119
267131256001563551268092749579976039731218397367486159671833982919847469317142129940010527733997832939621211067878982459142073522800649690661401082185083304057766055821661196832844035797519563740980553345657864509771702412202879009889467301555670278954591404765800104053690779404686449974451641876278895201

8511351117252465584258377862226804546805271843778300539844273115538332919581617460350933961376173722018775372854907746169770804800454708014859038370328562805520394655871007389897759016799597723346144919418348676760600330413177918252463456097546961904295991070613853913184235436756022534698241107513727909404



119
267131255984397516946261071677610904030028880599643503773156641205773548167030886546849266840086383759241305469040246304315428560831097597197078631154680409570950444200391334199724799242866701658054112631061350365751975302705981706248190420601290181721603688225756134676397534443220976619488858462849557089

74764488289697193796898791568586257624389456636520348124302562225642960846018452264147712910446016232872394302682429605063339789680380565687714723848256542903693623639349341840961553639435734278465616232051314797879437982487318516221533029989447384681047789309949313081387813885815511467200077538414838138308



119
267131255896529419831884387756591249984354562722227906214745999016315435995184431118229294339327258140870837235514381632778398025766530765331783121313095142975741884398136287048320837404179433005831480647830279952688295851573906975163132025847413413662791030258607657827880435690210932217071971732811899489

64658766305666943403491890135796237241308921546010748424315858209937506251814067639294512867018233001493827888653848606983681396444599157646087922498051904272763089387337970926682294428186842712086509839382491333674222020929091989490794400577520398641526591224259801064682374557957337258104091332510331612967



119
267131255885234525273269407757931984378426741149981353103978117730831804692084699911492731228138211327601886388264200042939217519567096736682483356344398168462791929895743388610272696699795449817705266212895237746644918414333649568392785928731532576467237850183597104033145653155959310471180492633337455201

10767688261773988341611226974536553647537707906115137596905128064286811919205780116412625915743054546115030564194368308028103722298253150090288606943279613641805680666828084411382050614468491245223247468983585965159922716810827937812127383468357715090995977947745872696854926383482039707662639317133182631935



119
267131255988329441315007806812842139455504594538394672622022048874786173953752872431809119417335739396570139882419673689923914626363452134059126081780380265190936569309812314644038789091412361826915852048969165748175197040020533442949179912007983969620187032471572482232369398084734284869806664032771596897

139614812447393610917741150173866636834982821302713347899866729920104169843453699560917420108400984242824614981381980056864217212374910994193732994607801804187177086873516580950699673848161854423632389576680868298012197470084354412458540518810770333482652495714836345721966187289672506077648797782614237994432



119
267131255866731894809410631641448058584935478485640126502707531564575277921997775435722086236376675827103556963848816169153865501766851446391755667131386288057163351699914978069536945933928110764376129179567560662268337478847427616107312490460173837172623615074191663595398852441869382060000335582055326305

34684891693003336532222479910836615585387108204733398273776100971217357818649297599173413970883596145437760195646449199690486091825298340205771209574682943505644566196097001702244654980522688491367054151051150037777911137285571105503905820951208223158860556448651647072907067138632301481029318724396625502679



119
267131255979602012875211788231311562460439956220123642372862181748307044431143255967889553332946868217175380460943290888651450992549109858300184105630204193240893560599057010196546530714090081648858928081195319190114050617592703425303567982324766369338563659922493396388208340269065006319652031195496276577

52971734438520418233775322275661071103819040269712294403805669692026127663614604649836083113763478210633316693212928594608920461560808382729076558257241884628201202209193801168658366232650300242561307223701994296000422793448910680727039816650896049218372570330636411179756092455827319675439178994275709807249



119
267131255967918257557813845489364187273666127819342585902901528469815015477169128844946887815131142392479893505298134361629667468712291684554485645628878929740514698003963963032046066251852069157421480862306021626334742226271077981486729607408954740776795301284651370638384319584176850741177187999634645601

65971458276105397699913618139347782942294163091783331870029315144009654108656377374742332242864815841219375891922727858665278874926477819324101155533836696071179677993394126112703935560923806465328206312678994540840806622057920360576704756574644640328344101160223230360075480071920536283447390960206038332049



119
267131255863706606422795024501725599629230711696184001766239929539624666454862225190467117370470676068823386289472935545803607373035117009733621144745995591392316365330614038600717670536582142366421023355834000146197730167437061556849548524870791745955540375578996771741842140917795388670197438254476911201

117812747172207225303959506905820166119518993763627063664619062424281624391216885268466741411081756693195260262735564136752694986960949211413787859665515870680484124148570999619219619099615395828550986755866756689669379323123838090746821212612756485265545996025944678784799867481209267255214478167283249313856



119
267131255874017340109116019147026720483699646264050679368654931554661455181382198204683113764462191869010943722375291570858306750016246594263945230943576877355068252094553023846872211940392000289572265916456482804568306763956278847687093389048805675048669722863874306871192507288152302801256578819408749153

98156520825579343158711425194455824196955634481538118705989797051882414988499464882654540325868001691125609747237458130278405961736852672525290658943159316781359593750966276642618346788211103074524157238188845592142675004177013635867624154994779654964472055102613112463426227000022458454276296157511108480287



119
267131255951654580578882791912359585901714303838944431004067978004541183289387663894983518486546653741869950790470944051469149611804493313645757928353074746478669035123495024315996576511603824522343358462693366022041087844055488818382239209735148974788659683856406428090073290134360110360280067056349700705

58364163336545434827635698624285631703648032440832543183313192064977514691931261297071039011625619634893671823075991338329559142800238539031053179133054248637781276049526855939919265246711279707759973878376457455969558945853452960498962036094695598163667787006665662539670761269757858689282839944763780707889



119
267131255923610056257908055105344282783392974903162481917097530385813243918729911592835751580368267940577457765221287455014461455915075276907487332712295053826308059756368725612546245222674142599722588827906827058174112350401694074211415057720842712210281228585787218866623205701771933452114557463926366817

125896551191837218739568582020093626012341212001999151190657133033519407403788492086826978811468940190563301836150619538113676080310700883080304611391911592173744652312452533345568282473424225880880596002910150477446261711159300711504931088574742610831428586670536887782180290607716482293696994419194477938136



119
267131255862711955628772402840012191253298475511878624080019962321543755096613951973503843861848911854301353708876860251933529895168261361425499053831849359692353700941780421293184004735523619377819447105279676223252024773867356524933318781304254724311454338637560147860617282135489682097233365860473856609

126786411999073487960080879366158869066352052059053723001977644613666411459313744242877804360571468232011569446794283329467302106317736228858640666693250967582578788885365668948253201057193885502894864527698780978722241401147031571404395725093775422710280584559980802842467606012251098847038921742553835786251



119
267131255995451926867976949485916782815040198388785488795997602036256079661030872136904672693616796958231176243318849390424231135329168766346485719352691231630573141456809022227699964764514649526669555688161483814317094812457872196844486315735482222269991700272797834111130763524668235723049456297360712289

108333295968175477209753704782041355229580751892553632977839505873629872587438954261456086817491436527180005920600367257976883517309524410187580221774877026439911077563614282957618382524325936655448241117150079639800601957871484563887070484469745806201027261856955445239949962235378331004782332558964152664013



119
267131255857953830996458759487810648248434863366515426014398333122482133315388582081644138290436812452196884950400782992499423251702229331478823882376797000325223584855412265878456064706413523418969259643247701545828390586759328834445695713194858519637591708871344153588323899677820973013705574559175107169

88484847734430893846785293795796577530558188796816015536360668595263793578271744728574488908437549625008849240978465940421036438526421007860261398082719876826394129888811629963837683026767268206588525918349925204712288222027892823041974847564377024541004949484646094191949692811126000159213317113946255896644



119
267131255874416386591266632905950088369525753914492925041862728298434296138178287258188155277542217872275147651468393608881630771865074537478289233902816970957993619009489298669497696490868944089703286280089571687211005402743728519744511704585780769212786836076048026313181645287563438124362869928420926049

135535986360087064569175776067688346181637427935627287340591979330029787336128040985193763238296231428844757875042770927263507085615626811994408237833571626387895697241622642625294951542949049144623852577996551982533036483970736191326155044914939508325042969893406650907627492272644489617679983878509820513039



119
267131255847171878107224233543179076254003131091197717728575203273843310713206202028259537190718688044454384591610481195631792868140162697990312752695588524532400661547287833765805272910482927319786575846123664184901018950945649591341958248512051335503650122721282679287074998885288261458836595558186181217

29241417993292177439157499241882285364531042017605559304936742064886303837259364441189043601418806579530574989987443472463458882768376654229447628968577029549861695872954730820983793640702746251487371013890527087869321199861784556607586691390416090057926569882307231319839838074642564817186088505160712999918



119
267131255858263603463807012641262779562881568004688737267375593326680902040047752309177216680194048734524612301306118544553282550778673321231727635530870323922918413180998182393554943100030481600275854788108865473057792547456082304560924316403843150979118118320096408748600778316702945042017310344978063969

2346507353752991418574708170088230108108370298327854850940198775682898507488066186170705091444928996424098945957650719721215191055295566748299396952371997022295273507515997571216954900075501886504254649331054798311246875814825048277722385603328486398707232548038427381840512419555688893352714259843562507287



119
267131255980880487585979534514887036982761757187244566432423749593196987383916449115557099990717415584516715475020072508303817785758460451577828092036473474592889102278071891496301805609276744400219068238479796825375078880298251600777031123998907490371919465066389328041085751640997756241259704288282894945

82168937291033024116281388071622013770700410224441370178545236843034659070966041469127896753776282540315628743960593727394106227766695521282122921414645138866155323931408565308344257955472956115784084041006590346714211773999762792975334722312300377791231195158675390716100809857529945099967363295159142449121



119
267131255987969667728829619431962457872333302050759233940313202167032693954607661771724801593403188438794193354828034856803646463610725033248369622330664920284029977528852753211680995875666167726622009866577707266614999159314317621891825753283929183446991890824561553399336201853619372294005866345842041441

55409550820968845504467317474463616311672330475066798336479157119572408977015536491565316850506802870919460602754135184615377761285669721747657935174654500611462087628968266047090001530129894823832339534631564605642737203093414482989941364253420408926736983368118322663711761953276282030282863501603204214722



119
267131255972471594183431704471304000735317330145024612954159131178483853242751615960375207090258002976185066040485246596755139624299092095504018919648681122267183877410795368550689573542032297440151983386703391451670959629072269835629694928525231025378805524103126365210008949706488731566734437692354028129

127908279421394534244160912134703867135366802853404043731357388331146231148809957811128717936949689621496569869499600594792885903094666445543378500945503591967710994422175877079419860564960863964362897077018630409219532263583054461401457687211296345686138679761699987434501457542673321767653853570330068310753



119
267131255963296937672591962191274276070244519327897482389311114941774182304836105521229219224744656262270806095454927351857125105999732854767344880899601230597095387484388930999247309694460631921827697299309053705310590702675419595655906844321293358126418356509351529212704289796769343171165731243268727393

135821527165157361790251889817827739798753345414908443418288135297934826496807329737234805160557667691901995250613791757540115648153563664833089054675233348908507147645327585375564547666179384754375816624516499748606762364760242655752937012951309209149114889609470300751584564198662964537621494778948866829943



119
267131255919404802714294563970269598861328613211168583619148143598961752111153562762805904576189886911194393574169624998391994319018443415681453478575140636898771727929279074013774170994489999576592204073312598218546620914146658249152111523394196816327510655027529757095253776379886340061059189232724304481

34620480376290903369208216932385026179009271666700099372394283175286501989231148537287736590111333724162653629988722049152152373141584833013397700230051580366850998778128084775918667638647256893484091654907256202707093205532188340590422784160922423896642127998655926207036105256186457806698338655476978173552



119
267131255855633348129482207159354056621385458098290160553829193599258529977052559341883166964754446833206443005280034291767916562261279056781324273740617983022559993966497468958897551211601257035618343886698562838237434684227602910070219699887667611644819200596204980023562834602857521703140249015754646113

108497479798862898343572100261672191335714882778663819604336591235360937943872984967713922269713645252121878419336969841703254422799152919910470270551175064839392264761648421948829190647370023506498061968950473531614255813426935703811917201536176361984444945503978840247055068459601827905146113703492785568127



119
267131255890881380571011543478951830376487302401858240212416299238549090278667591112334320916544614203792359675132488654595389743830576192672727026808766073006933015392043713997582595605459660337887491211119528667241367948652200646321966665852089727836973994115845982705542577270947987000555183695479177216

109649143682330905065040020362106173219885892859130963315641892333876773626460795877752711628424700661847425645607675074238928837126611275570477675268516508133451158455966511515088881961516524131581013241256740795505164104427870915698306667689060979182244002511310989976247017770713604206850458130995558600831



53
